$A
time,q1,q2,tau
$1,1193,0,0
5,1202,0,0
9,1192,0,0
13,1199,0,0
17,1201,0,0
21,1200,0,0
25,1201,0,0
29,1200,0,4
33,1197,0,1
37,1206,0,0
41,1196,0,0
45,1206,0,0
49,1196,0,2
53,1203,0,1
57,1198,0,0
61,1202,0,1
65,1193,0,2
68,1200,0,0
74,1210,0,0
76,1196,0,0
81,1202,0,0
84,1195,0,0
88,1200,0,0
92,1200,0,0
97,1200,0,0
100,1193,0,0
105,1199,0,0
108,1199,0,0
113,1193,0,2
116,1200,0,6
120,1195,0,6
124,1200,0,0
128,1204,0,0
132,1197,0,2
136,1205,0,1
140,1205,0,0
144,1187,0,0
150,1202,0,0
152,1206,0,0
156,1197,0,0
160,1200,0,0
164,1192,0,0
168,1210,0,0
172,1199,0,0
176,1191,0,2
180,1200,0,0
184,1200,0,0
188,1199,0,0
192,1200,0,0
196,1200,0,0
200,1192,0,1
204,1204,0,4
208,1194,0,0
212,1197,0,0
216,1200,0,0
220,1203,0,0
224,1193,0,0
228,1197,0,2
232,1200,0,0
237,1199,0,0
240,1186,0,0
244,1200,0,6
248,1194,0,0
252,1207,0,0
256,1192,0,0
260,1200,0,0
263,1185,0,2
268,1200,0,0
271,1205,0,4
275,1206,0,0
279,1208,0,4
284,1199,0,2
287,1197,0,0
292,1202,0,0
296,1194,0,0
299,1196,0,0
303,1210,0,0
307,1199,0,2
311,1202,0,0
315,1196,0,0
320,1198,0,0
323,1196,0,2
327,1184,0,0
331,1208,0,0
335,1203,0,0
339,1200,0,7
343,1199,0,0
347,1202,0,0
351,1199,0,0
356,1185,0,6
360,1189,0,0
363,1197,0,0
367,1197,0,0
371,1202,0,0
375,1206,0,0
379,1185,0,0
383,1210,0,1
387,1189,0,4
391,1199,0,0
395,1187,0,0
399,1202,0,0
403,1204,0,2
407,1202,0,1
411,1194,0,0
415,1196,0,2
419,1198,0,4
423,1187,0,0
427,1202,0,0
431,1199,0,0
435,1204,0,0
439,1192,0,0
443,1192,0,4
447,1204,0,0
451,1202,0,0
455,1203,0,0
459,1194,0,0
463,1197,0,0
467,1200,0,0
471,1196,0,7
474,1187,0,3
478,1192,0,4
482,1204,0,0
486,1198,0,0
490,1200,0,0
494,1205,0,2
499,1187,0,3
502,1200,0,0
507,1189,0,0
510,1204,0,3
515,1199,0,0
518,1200,0,4
522,1198,0,0
526,1200,0,2
531,1202,0,1
534,1200,0,0
538,1185,0,2
542,1191,0,2
547,1200,0,0
550,1206,0,0
554,1201,0,0
558,1210,0,0
563,1202,0,2
566,1202,0,0
570,1201,0,1
574,1196,0,0
578,1210,0,0
582,1191,0,10
586,1187,0,0
590,1200,0,0
594,1200,0,0
598,1192,0,0
602,1200,0,0
606,1192,0,0
610,1200,0,1
614,1187,0,2
618,1205,0,0
622,1205,0,4
626,1204,0,0
630,1200,0,0
634,1191,0,0
638,1198,0,0
642,1194,0,4
646,1204,0,0
650,1187,0,2
654,1204,0,0
658,1199,0,2
662,1197,0,0
666,1210,0,0
670,1200,0,2
674,1199,0,0
678,1200,0,0
682,1204,0,2
685,1199,0,1
690,1194,0,0
694,1192,0,0
697,1192,0,0
701,1200,0,2
705,1202,0,0
711,1208,0,1
713,1200,0,0
718,1202,0,0
722,1204,0,0
725,1207,0,0
729,1206,0,0
734,1192,0,3
737,1194,0,6
742,1185,0,7
745,1196,0,0
749,1200,0,1
753,1202,0,0
757,1195,0,2
761,1200,0,0
765,1191,0,0
769,1202,0,0
773,1196,0,0
777,1197,0,0
781,1206,0,0
785,1192,0,1
789,1195,0,0
793,1199,0,0
797,1198,0,1
801,1199,0,6
805,1200,0,0
809,1198,0,4
813,1192,0,1
818,1197,0,0
822,1197,0,2
825,1205,0,0
829,1200,0,0
833,1197,0,1
837,1207,0,0
842,1200,0,3
845,1195,0,4
849,1204,0,0
853,1202,0,6
857,1190,0,0
861,1204,0,0
865,1192,0,1
869,1204,0,10
873,1214,0,0
877,1202,0,0
881,1194,0,0
884,1202,0,0
889,1184,0,0
893,1210,0,0
897,1191,0,2
900,1200,0,0
905,1204,0,2
908,1198,0,1
913,1185,0,6
917,1187,0,7
920,1207,0,0
924,1202,0,0
928,1200,0,0
932,1206,0,0
936,1191,0,0
940,1198,0,1
944,1194,0,0
948,1197,0,6
953,1200,0,6
956,1200,0,0
960,1206,0,1
965,1192,0,0
968,1198,0,0
972,1210,0,1
976,1201,0,0
980,1187,0,0
984,1196,0,0
988,1194,0,0
992,1200,0,0
997,1193,0,0
1000,1198,0,0
1004,1199,0,0
1008,1200,0,0
1012,1196,0,2
1016,1199,0,3
1020,1191,0,0
1024,1199,0,2
1029,1196,0,0
1032,1199,0,2
1036,1196,0,1
1040,1199,0,0
1044,1199,0,4
1048,1200,0,0
1052,1200,0,2
1056,1210,0,0
1060,1206,0,0
1064,1197,0,0
1068,1198,0,3
1072,1200,0,0
1076,1194,0,0
1080,1202,0,0
1084,1197,0,0
1088,1202,0,2
1092,1200,0,0
1096,1208,0,3
1100,1195,0,0
1104,1193,0,0
1108,1202,0,0
1111,1196,0,7
1116,1201,0,0
1120,1200,0,0
1123,1199,0,0
1128,1200,0,0
1131,1200,0,0
1136,1193,0,0
1139,1202,0,0
1144,1198,0,3
1147,1200,0,0
1152,1199,0,4
1155,1188,0,0
1159,1200,0,2
1163,1202,0,0
1167,1200,0,0
1171,1200,0,1
1175,1201,0,2
1179,1187,0,0
1183,1208,0,0
1187,1193,0,2
1191,1200,0,3
1195,1206,0,2
1199,1197,0,1
1203,1196,0,6
1208,1200,0,0
1211,1194,0,0
1215,1202,0,0
1219,1206,0,0
1223,1192,0,1
1227,1206,0,1
1231,1199,0,0
1235,1199,0,4
1239,1192,0,0
1243,1197,0,0
1247,1203,0,1
1251,1197,0,0
1255,1200,0,1
1259,1202,0,1
1263,1207,0,0
1268,1196,0,3
1271,1192,0,4
1275,1200,0,6
1279,1208,0,0
1283,1199,0,0
1287,1204,0,6
1291,1189,0,2
1295,1190,0,0
1299,1201,0,0
1303,1204,0,2
1307,1202,0,0
1311,1201,0,0
1316,1202,0,0
1319,1203,0,0
1322,1197,0,0
1327,1204,0,0
1331,1203,0,0
1334,1208,0,0
1345,1192,0,4
1351,1196,0,0
1355,1198,0,0
1359,1197,0,0
1363,1196,0,1
1367,1198,0,0
1370,1191,0,2
1377,1205,0,0
1383,1202,0,0
1387,1192,0,6
1391,1210,0,0
1394,1204,0,0
1398,1194,0,1
1402,1185,0,1
1406,1192,0,0
1411,1204,0,0
1414,1193,0,2
1418,1202,0,0
1422,1192,0,4
1426,1192,0,0
1430,1204,0,2
1434,1200,0,0
1438,1204,0,0
1442,1201,0,2
1446,1196,0,1
1450,1205,0,0
1454,1185,0,4
1458,1196,0,1
1462,1202,0,0
1466,1207,0,3
1470,1195,0,0
1474,1185,0,0
1478,1204,0,2
1482,1191,0,2
1486,1200,0,4
1490,1197,0,0
1494,1206,0,0
1498,1208,0,0
1502,1194,0,0
1506,1206,0,0
1509,1199,0,0
1514,1197,0,0
1518,1202,0,0
1521,1191,0,0
1526,1201,0,7
1529,1202,0,0
1534,1199,0,0
1537,1192,0,0
1541,1210,0,0
1545,1185,0,0
1549,1197,0,2
1553,1210,0,1
1559,1200,0,0
1562,1200,0,0
1565,1197,0,0
1569,1198,0,0
1574,1204,0,0
1577,1210,0,0
1582,1203,0,0
1585,1210,0,0
1589,1199,0,0
1594,1200,0,2
1597,1200,0,0
1601,1202,0,0
1606,1187,0,0
1609,1206,0,1
1613,1202,0,0
1618,1194,0,0
1623,1200,0,0
1626,1200,0,0
1630,1199,0,0
1634,1201,0,0
1637,1200,0,1
1641,1197,0,0
1645,1200,0,0
1649,1197,0,0
1653,1204,0,0
1657,1210,0,0
1661,1196,0,0
1665,1208,0,0
1669,1198,0,4
1673,1185,0,0
1677,1202,0,0
1681,1200,0,0
1685,1203,0,0
1689,1191,0,4
1693,1206,0,0
1697,1197,0,6
1701,1202,0,0
1706,1197,0,3
1709,1191,0,2
1713,1201,0,0
1717,1199,0,6
1721,1206,0,7
1725,1205,0,2
1729,1187,0,0
1732,1195,0,0
1737,1197,0,6
1741,1187,0,0
1745,1205,0,0
1749,1200,0,0
1754,1199,0,0
1756,1204,0,0
1761,1201,0,0
1764,1202,0,3
1769,1210,0,0
1773,1200,0,0
1777,1192,0,0
1781,1203,0,0
1784,1205,0,0
1788,1187,0,1
1792,1197,0,0
1796,1197,0,0
1801,1208,0,0
1805,1198,0,4
1808,1200,0,0
1812,1202,0,0
1816,1198,0,0
1820,1199,0,0
1824,1202,0,0
1828,1197,0,0
1832,1202,0,0
1836,1184,0,0
1840,1202,0,0
1845,1187,0,2
1849,1200,0,0
1852,1198,0,0
1856,1193,0,0
1860,1198,0,0
1865,1200,0,0
1868,1194,0,0
1872,1208,0,0
1876,1202,0,0
1880,1200,0,0
1884,1198,0,0
1888,1192,0,0
1892,1195,0,0
1896,1205,0,0
1900,1198,0,1
1904,1203,0,0
1908,1196,0,0
1912,1204,0,0
1916,1202,0,0
1920,1211,0,0
1924,1199,0,4
1928,1191,0,4
1932,1203,0,0
1936,1202,0,4
1940,1201,0,0
1945,1200,0,2
1948,1195,0,2
1952,1206,0,0
1955,1184,0,1
1960,1197,0,0
1963,1199,0,1
1968,1202,0,0
1971,1200,0,0
1976,1200,0,0
1979,1191,0,0
1984,1192,0,0
1987,1194,0,0
1991,1200,0,0
1995,1193,0,0
1999,1202,0,0
2003,1195,0,0
2008,1200,0,0
2011,1201,0,0
2015,1200,0,0
2019,1192,0,7
2024,1192,0,0
2027,1192,0,0
2031,1192,0,0
2035,1196,0,1
2040,1196,0,0
2043,1201,0,0
2048,1198,0,0
2052,1193,0,0
2056,1194,0,0
2060,1199,0,2
2063,1197,0,0
2067,1200,0,0
2072,1191,0,0
2075,1187,0,1
2080,1192,0,4
2083,1195,0,0
2088,1204,0,0
2091,1200,0,0
2095,1195,0,1
2099,1203,0,0
2103,1197,0,0
2107,1208,0,0
2111,1203,0,0
2115,1205,0,0
2119,1195,0,6
2123,1204,0,0
2127,1205,0,7
2131,1198,0,2
2135,1206,0,1
2139,1191,0,1
2143,1210,0,0
2147,1187,0,1
2151,1207,0,0
2155,1210,0,0
2159,1200,0,0
2163,1200,0,0
2167,1189,0,0
2171,1200,0,4
2175,1202,0,0
2179,1206,0,0
2182,1187,0,2
2187,1187,0,5
2190,1204,0,0
2194,1189,0,2
2199,1200,0,0
2202,1189,0,0
2207,1210,0,0
2211,1200,0,0
2215,1194,0,0
2219,1200,0,0
2223,1198,0,4
2227,1206,0,0
2230,1203,0,0
2235,1192,0,0
2239,1191,0,0
2242,1201,0,2
2246,1185,0,0
2250,1198,0,2
2254,1200,0,0

time,q1,q2,tau
1,1192,0,0
6,1199,0,0
11,1204,0,0
14,1200,0,6
18,1210,0,0
21,1197,0,0
25,1202,0,3
29,1196,0,0
34,1206,0,0
37,1204,0,0
41,1201,0,2
45,1185,0,0
50,1200,0,0
54,1195,0,0
58,1200,0,0
61,1197,0,0
66,1191,0,0
70,1205,0,0
74,1205,0,0
77,1199,0,0
82,1206,0,0
85,1189,0,0
90,1199,0,0
93,1204,0,0
97,1198,0,0
101,1199,0,0
105,1202,0,0
109,1204,0,3
113,1202,0,6
117,1192,0,0
121,1201,0,0
125,1202,0,0
129,1202,0,6
134,1193,0,0
137,1193,0,6
142,1198,0,0
145,1186,0,0
149,1202,0,0
153,1203,0,0
157,1200,0,0
162,1200,0,0
165,1191,0,0
169,1191,0,3
173,1197,0,1
177,1202,0,0
181,1198,0,1
185,1210,0,1
189,1196,0,2
192,1198,0,0
197,1204,0,1
200,1200,0,0
205,1204,0,1
208,1197,0,1
213,1191,0,0
216,1197,0,0
220,1208,0,0
224,1187,0,0
229,1210,0,0
233,1201,0,0
237,1199,0,0
242,1187,0,2
245,1200,0,0
248,1204,0,0
253,1194,0,0
257,1200,0,0
261,1189,0,0
265,1195,0,4
268,1202,0,0
272,1199,0,0
276,1206,0,0
280,1199,0,0
284,1191,0,0
289,1210,0,6
292,1201,0,0
296,1200,0,0
300,1204,0,2
304,1210,0,1
308,1201,0,0
312,1189,0,0
316,1191,0,4
320,1196,0,0
324,1194,0,0
328,1200,0,4
332,1200,0,0
336,1197,0,0
340,1210,0,6
344,1202,0,2
348,1198,0,3
352,1196,0,1
356,1201,0,0
360,1195,0,0
364,1208,0,2
369,1191,0,0
372,1205,0,0
376,1198,0,2
380,1194,0,2
384,1200,0,0
388,1192,0,0
392,1198,0,7
396,1187,0,0
400,1200,0,1
403,1200,0,1
407,1210,0,1
411,1214,0,4
416,1200,0,2
420,1205,0,2
423,1195,0,0
428,1185,0,0
431,1203,0,0
435,1198,0,3
439,1187,0,2
443,1199,0,0
447,1199,0,0
452,1204,0,0
455,1197,0,3
460,1193,0,0
464,1187,0,0
468,1185,0,3
472,1202,0,1
476,1198,0,1
479,1206,0,0
483,1194,0,0
488,1199,0,3
491,1210,0,4
495,1192,0,4
499,1206,0,0
503,1210,0,0
507,1207,0,1
511,1201,0,0
516,1204,0,0
519,1204,0,2
523,1204,0,4
527,1205,0,0
531,1210,0,1
535,1210,0,0
539,1185,0,0
543,1202,0,0
547,1193,0,0
551,1202,0,0
555,1202,0,0
559,1206,0,0
563,1201,0,6
567,1191,0,0
571,1185,0,0
575,1208,0,0
579,1192,0,6
583,1210,0,0
587,1195,0,0
591,1192,0,4
595,1189,0,2
599,1199,0,2
603,1204,0,0
606,1208,0,0
610,1187,0,2
615,1193,0,1
618,1192,0,0
622,1200,0,0
626,1202,0,4
631,1202,0,0
634,1192,0,0
639,1208,0,2
642,1202,0,4
647,1200,0,0
650,1210,0,0
655,1195,0,0
658,1206,0,0
662,1200,0,0
666,1205,0,0
671,1194,0,0
674,1196,0,0
679,1200,0,0
683,1198,0,0
687,1194,0,0
690,1204,0,0
694,1192,0,0
698,1200,0,0
702,1191,0,0
706,1200,0,0
710,1204,0,0
714,1196,0,0
718,1203,0,0
723,1204,0,0
726,1204,0,3
730,1198,0,0
734,1205,0,0
738,1202,0,1
742,1199,0,4
746,1201,0,0
750,1204,0,0
754,1186,0,3
758,1198,0,1
763,1202,0,0
766,1196,0,0
770,1202,0,0
774,1202,0,1
778,1199,0,0
782,1200,0,0
786,1200,0,0
790,1191,0,0
794,1179,0,0
798,1199,0,0
802,1200,0,4
806,1199,0,0
810,1193,0,0
814,1197,0,0
818,1200,0,4
821,1202,0,0
827,1185,0,0
830,1191,0,2
834,1189,0,1
838,1204,0,1
842,1200,0,3
845,1192,0,2
850,1191,0,6
854,1193,0,6
857,1194,0,0
862,1200,0,0
866,1204,0,0
869,1206,0,0
873,1194,0,0
878,1204,0,7
881,1195,0,1
885,1191,0,0
889,1206,0,0
893,1194,0,0
897,1206,0,2
901,1210,0,0
905,1202,0,0
909,1200,0,0
913,1204,0,0
917,1200,0,0
921,1208,0,4
925,1197,0,2
929,1210,0,0
933,1187,0,0
937,1200,0,2
941,1192,0,0
945,1208,0,2
949,1202,0,0
953,1200,0,1
957,1199,0,0
961,1202,0,0
965,1185,0,0
969,1200,0,0
973,1205,0,0
977,1199,0,0
981,1189,0,0
985,1198,0,0
989,1194,0,0
993,1205,0,0
997,1194,0,0
1000,1199,0,4
1005,1206,0,2
1009,1208,0,0
1013,1202,0,0
1016,1211,0,0
1021,1200,0,0
1025,1197,0,0
1028,1210,0,0
1032,1200,0,0
1036,1202,0,1
1041,1200,0,6
1044,1194,0,0
1048,1184,0,0
1052,1204,0,0
1057,1197,0,2
1060,1191,0,0
1064,1194,0,0
1068,1198,0,1
1073,1210,0,0
1076,1206,0,2
1080,1210,0,2
1085,1205,0,3
1088,1204,0,1
1092,1200,0,0
1096,1204,0,0
1100,1196,0,2
1104,1195,0,0
1108,1185,0,0
1112,1194,0,0
1116,1200,0,2
1120,1189,0,0
1124,1198,0,0
1128,1192,0,0
1132,1195,0,0
1137,1204,0,3
1140,1208,0,6
1144,1208,0,4
1148,1200,0,0
1152,1210,0,0
1156,1200,0,0
1160,1201,0,0
1164,1185,0,0
1168,1197,0,0
1172,1192,0,0
1176,1210,0,0
1180,1205,0,0
1184,1195,0,4
1188,1191,0,0
1192,1186,0,0
1196,1203,0,0
1200,1211,0,0
1204,1202,0,0
1207,1201,0,3
1212,1200,0,0
1215,1210,0,2
1220,1194,0,0
1223,1200,0,0
1227,1210,0,0
1231,1210,0,0
1236,1206,0,0
1239,1210,0,0
1243,1189,0,0
1247,1201,0,0
1251,1200,0,0
1255,1210,0,0
1259,1197,0,0
1263,1202,0,0
1267,1204,0,0
1271,1192,0,0
1276,1206,0,6
1279,1194,0,3
1283,1200,0,0
1287,1199,0,0
1291,1198,0,0
1295,1192,0,6
1300,1200,0,1
1303,1200,0,0
1307,1199,0,3
1311,1192,0,1
1315,1201,0,0
1319,1202,0,0
1323,1199,0,0
1327,1210,0,0
1331,1204,0,0
1335,1204,0,0
1339,1206,0,4
1343,1199,0,4
1347,1194,0,2
1351,1199,0,0
1355,1210,0,0
1359,1187,0,6
1363,1204,0,0
1367,1193,0,0
1371,1200,0,0
1375,1192,0,0
1378,1204,0,1
1383,1200,0,0
1386,1201,0,0
1391,1192,0,0
1395,1202,0,0
1399,1199,0,2
1402,1196,0,0
1406,1202,0,0
1410,1206,0,0
1415,1187,0,2
1418,1196,0,0
1423,1192,0,0
1426,1210,0,0
1430,1200,0,0
1435,1187,0,0
1439,1192,0,0
1442,1197,0,2
1447,1210,0,4
1450,1210,0,2
1455,1187,0,6
1458,1192,0,0
1462,1207,0,0
1466,1193,0,1
1470,1204,0,0
1474,1187,0,2
1478,1204,0,0
1482,1210,0,0
1486,1198,0,0
1490,1193,0,1
1494,1192,0,0
1499,1200,0,0
1502,1200,0,2
1507,1204,0,0
1510,1187,0,6
1514,1198,0,0
1518,1198,0,0
1522,1200,0,0
1526,1200,0,0
1530,1193,0,0
1534,1195,0,4
1538,1205,0,1
1542,1205,0,1
1546,1202,0,0
1550,1199,0,0
1554,1196,0,0
1558,1207,0,0
1562,1197,0,0
1566,1207,0,0
1570,1185,0,0
1574,1200,0,6
1578,1197,0,0
1581,1191,0,0
1586,1199,0,3
1590,1185,0,0
1594,1200,0,3
1598,1204,0,3
1602,1198,0,0
1606,1210,0,0
1610,1202,0,0
1613,1202,0,0
1617,1186,0,0
1621,1195,0,0
1625,1191,0,0
1629,1192,0,2
1633,1198,0,0
1638,1196,0,0
1641,1201,0,0
1645,1193,0,0
1649,1198,0,0
1654,1199,0,0
1657,1193,0,6
1661,1210,0,0
1665,1185,0,2
1669,1185,0,0
1673,1206,0,3
1677,1210,0,1
1681,1187,0,7
1685,1202,0,2
1689,1200,0,0
1693,1199,0,3
1697,1210,0,0
1701,1196,0,0
1706,1199,0,0
1709,1202,0,0
1713,1186,0,0
1717,1191,0,0
1721,1197,0,0
1725,1202,0,1
1729,1206,0,0
1733,1206,0,6
1737,1199,0,2
1741,1192,0,0
1745,1210,0,0
1749,1197,0,0
1753,1194,0,0
1757,1199,0,0
1760,1200,0,0
1765,1200,0,0
1769,1202,0,0
1773,1195,0,0
1777,1207,0,0
1780,1187,0,0
1784,1202,0,0
1788,1200,0,2
1793,1202,0,0
1797,1198,0,2
1801,1196,0,2
1804,1187,0,0
1808,1203,0,2
1812,1205,0,0
1817,1197,0,1
1820,1190,0,0
1824,1198,0,6
1828,1208,0,0
1832,1200,0,0
1837,1185,0,0
1841,1195,0,0
1845,1193,0,0
1848,1202,0,0
1852,1193,0,0
1856,1202,0,0
1860,1194,0,0
1864,1206,0,0
1868,1198,0,4
1873,1192,0,0
1876,1204,0,7
1880,1200,0,0
1884,1206,0,0
1888,1202,0,0
1892,1189,0,0
1896,1206,0,0
1900,1196,0,0
1904,1202,0,0
1908,1204,0,0
1912,1199,0,4
1916,1197,0,0
1920,1202,0,0
1924,1210,0,3
1928,1200,0,7
1932,1191,0,0
1936,1201,0,1
1940,1200,0,0
1944,1200,0,0
1948,1192,0,0
1952,1199,0,0
1956,1208,0,0
1961,1198,0,0
1964,1205,0,0
1967,1206,0,0
1971,1193,0,0
1976,1210,0,6
1980,1210,0,2
1984,1192,0,0
1987,1210,0,0
1991,1195,0,0
1996,1200,0,0
1999,1194,0,0
2004,1197,0,2
2007,1192,0,1
2011,1201,0,0
2015,1206,0,0
2020,1194,0,2
2023,1198,0,0
2028,1198,0,4
2031,1199,0,0
2036,1205,0,0
2039,1200,0,0
2043,1200,0,3
2049,1204,0,0
2052,1204,0,2
2055,1202,0,0
2059,1202,0,0
2063,1187,0,0
2067,1206,0,0
2071,1200,0,0
2075,1201,0,0
2079,1192,0,0
2083,1181,0,0
2087,1187,0,0
2091,1199,0,2
2095,1206,0,0
2099,1198,0,0
2103,1188,0,1
2107,1203,0,4
2111,1202,0,2
2115,1198,0,0
2120,1197,0,0
2123,1192,0,0
2127,1200,0,0
2131,1199,0,0
2135,1200,0,3
2139,1196,0,4
2143,1206,0,2
2147,1195,0,0
2151,1195,0,0
2155,1198,0,0
2158,1210,0,0
2162,1194,0,0
2167,1195,0,2
2170,1198,0,0
2175,1192,0,0
2180,1200,0,0
2183,1189,0,0
2188,1200,0,2
2192,1210,0,0
2195,1200,0,0
2199,1200,0,0
2205,1202,0,0
2211,1200,0,1
2216,1210,0,0
2219,1201,0,0
2225,1190,-1,0
2230,1197,-1,1
2234,1208,-1,0
2238,1200,-2,4
2242,1191,-1,0
2246,1200,-1,0
2250,1196,0,0
2254,1184,1,0
2258,1202,2,0
2262,1200,3,1
2266,1202,4,0
2270,1210,5,1
2274,1193,6,0
2278,1191,7,6
2282,1203,8,0
2287,1192,9,0
2291,1204,11,0
2295,1198,11,0
2300,1194,12,0
2307,1195,13,0
2310,1199,14,0
2314,1195,15,0
2318,1200,15,0
2323,1192,15,0
2326,1206,16,0
2330,1197,16,0
2334,1200,16,0
2339,1187,16,0
2342,1200,16,2
2346,1202,16,0
2350,1195,17,0
2354,1205,18,4
2358,1199,19,1
2362,1195,19,0
2366,1200,18,0
2370,1194,17,0
2374,1202,15,0
2378,1202,15,2
2382,1210,13,0
2386,1200,12,0
2390,1200,11,6
2394,1201,9,0
2398,1185,8,0
2401,1204,7,0
2406,1197,5,0
2410,1199,3,0
2414,1187,2,0
2419,1205,0,0
2421,1195,-1,0
2426,1205,-3,2
2430,1192,-4,0
2434,1199,-6,0
2439,1194,-9,0
2445,1197,-11,2
2450,1193,-13,2
2454,1206,-15,1
2457,1191,-16,0
2462,1204,-18,0
2465,1199,-20,0
2469,1191,-21,1
2473,1198,-23,0
2478,1201,-24,4
2481,1197,-25,0
2485,1198,-26,0
2489,1193,-27,3
2493,1202,-28,3
2497,1206,-29,0
2502,1197,-29,2
2505,1200,-29,1
2509,1206,-29,0
2514,1199,-29,0
2517,1206,-29,0
2521,1205,-30,0
2525,1200,-29,0
2529,1186,-28,0
2533,1208,-26,0
2537,1187,-25,1
2541,1205,-22,0
2545,1202,-20,0
2549,1206,-17,0
2553,1200,-14,0
2557,1192,-10,0
2560,1200,-7,0
2564,1208,-3,0
2569,1205,2,10
2573,1196,6,0
2577,1201,10,0
2581,1196,14,0
2585,1197,18,0
2588,1206,21,0
2593,1210,26,0
2597,1198,30,0
2601,1185,34,6
2605,1191,37,0
2609,1200,40,0
2612,1210,43,2
2617,1210,47,2
2620,1206,49,6
2625,1192,53,2
2629,1202,56,0
2633,1185,58,0
2637,1189,61,0
2640,1200,63,0
2644,1192,66,0
2648,1206,68,0
2652,1198,71,0
2656,1202,73,0
2660,1187,75,1
2664,1204,76,0
2668,1197,77,0
2672,1202,78,0
2676,1210,79,0
2680,1191,79,1
2684,1202,79,0
2688,1199,79,0
2692,1200,80,0
2696,1205,80,0
2700,1189,78,1
2704,1199,75,4
2708,1200,72,3
2712,1204,68,0
2716,1200,64,0
2720,1206,59,0
2724,1198,54,2
2729,1200,47,0
2732,1200,43,0
2736,1221,36,2
2741,1228,28,0
2743,1215,25,0
2748,1231,17,0
2751,1224,12,2
2756,1233,5,0
2759,1237,1,4
2764,1219,-5,0
2767,1237,-8,3
2772,1231,-13,0
2775,1237,-16,1
2780,1229,-19,0
2784,1237,-21,0
2787,1244,-22,0
2791,1231,-24,0
2795,1239,-25,6
2799,1244,-26,0
2804,1227,-27,0
2808,1227,-28,0
2811,1224,-29,1
2815,1231,-29,0
2819,1224,-31,0
2824,1247,-32,0
2827,1242,-33,0
2832,1237,-34,0
2835,1236,-35,0
2839,1239,-36,0
2843,1242,-37,0
2847,1232,-38,2
2851,1240,-39,0
2855,1238,-39,0
2859,1242,-39,6
2863,1229,-39,0
2867,1244,-39,0
2871,1231,-39,2
2875,1242,-39,0
2879,1242,-40,0
2883,1242,-40,2
2887,1223,-39,8
2891,1233,-39,6
2895,1219,-38,0
2899,1242,-37,0
2903,1219,-36,0
2907,1237,-35,1
2911,1242,-34,0
2915,1255,-33,0
2919,1255,-32,0
2923,1269,-31,1
2928,1290,-29,1
2931,1304,-28,0
2937,1321,-26,0
2943,1329,-24,0
2947,1357,-23,2
2951,1362,-23,0
2955,1384,-22,0
2958,1384,-22,0
2963,1401,-22,0
2966,1424,-22,0
2970,1417,-22,1
2975,1433,-22,2
2978,1456,-22,0
2982,1469,-22,0
2986,1478,-22,2
2990,1467,-21,0
2995,1486,-21,0
2998,1491,-21,0
3002,1480,-21,0
3006,1483,-21,1
3011,1477,-21,6
3014,1493,-21,0
3019,1484,-21,0
3023,1480,-20,0
3027,1493,-20,0
3031,1488,-19,0
3035,1492,-19,1
3038,1486,-18,0
3043,1477,-18,0
3046,1494,-17,0
3050,1499,-17,0
3054,1485,-17,0
3058,1473,-16,0
3063,1478,-15,0
3066,1472,-15,0
3070,1466,-14,6
3074,1466,-13,0
3078,1448,-13,0
3082,1431,-12,0
3086,1411,-12,0
3090,1421,-12,2
3094,1404,-12,0
3098,1395,-11,0
3102,1390,-10,0
3106,1379,-10,2
3110,1365,-9,0
3114,1364,-8,6
3118,1341,-7,0
3122,1344,-6,0
3126,1332,-5,4
3130,1320,-4,4
3134,1303,-4,2
3138,1291,-3,0
3142,1284,-3,0
3145,1285,-3,1
3150,1273,-3,0
3153,1273,-3,0
3157,1253,-3,0
3161,1244,-3,0
3165,1248,-3,0
3169,1239,-3,0
3174,1253,-3,1
3177,1243,-3,6
3181,1231,-3,4
3186,1228,-3,0
3189,1232,-3,0
3193,1232,-3,2
3198,1221,-3,0
3201,1234,-3,0
3206,1231,-3,0
3209,1236,-3,1
3213,1232,-3,0
3218,1232,-3,0
3222,1228,-3,0
3226,1217,-3,0
3229,1236,-3,4
3233,1236,-3,0
3238,1231,-2,0
3241,1240,-2,0
3245,1223,-1,0
3249,1237,-1,0
3253,1242,-1,0
3257,1242,-1,0
3261,1240,0,0
3265,1228,0,0
3269,1232,0,1
3274,1226,1,2
3277,1239,1,0
3281,1232,1,0
3285,1236,1,2
3289,1231,1,0
3293,1215,1,0
3297,1238,2,6
3301,1234,2,0
3305,1232,2,0
3309,1232,2,0
3313,1233,2,0
3317,1232,2,0
3321,1229,3,2
3325,1230,3,0
3329,1219,3,1
3332,1240,3,0
3337,1227,4,0
3341,1231,4,0
3345,1236,4,0
3348,1213,4,0
3353,1236,5,0
3357,1216,5,0
3361,1219,5,0
3364,1228,5,0
3368,1225,5,6
3372,1233,5,0
3376,1219,5,6
3380,1246,5,2
3385,1225,5,1
3388,1234,5,1
3392,1231,5,0
3396,1233,5,0
3400,1240,5,0
3404,1236,5,0
3408,1242,5,3
3412,1223,5,0
3416,1234,5,4
3420,1233,5,0
3424,1229,5,1
3428,1224,5,0
3432,1232,5,0
3437,1231,5,4
3440,1232,5,0
3445,1242,5,6
3448,1242,5,0
3452,1236,5,0
3456,1240,5,0
3460,1236,5,0
3464,1236,5,0
3468,1224,5,0
3472,1224,5,0
3476,1236,5,0
3480,1232,5,0
3484,1217,5,0
3488,1232,5,3
3492,1232,5,0
3495,1231,5,0
3500,1224,5,0
3504,1224,5,1
3508,1227,5,2
3512,1232,5,0
3516,1228,6,0
3519,1234,6,0
3524,1236,6,2
3528,1219,7,0
3532,1223,7,0
3536,1232,7,0
3540,1236,7,0
3544,1234,7,0
3548,1232,8,1
3552,1228,8,0
3555,1242,8,0
3559,1234,9,0
3563,1232,9,0
3567,1240,9,0
3571,1234,9,0
3575,1227,9,1
3579,1225,9,0
3583,1226,9,0
3587,1232,8,0
3591,1227,8,0
3595,1238,7,0
3599,1234,7,0
3603,1232,7,0
3607,1228,6,3
3611,1217,6,0
3615,1240,5,0
3619,1239,5,1
3623,1227,5,1
3627,1232,5,0
3632,1231,5,0
3635,1232,5,0
3639,1217,5,0
3643,1237,5,1
3647,1232,5,0
3651,1231,5,0
3656,1231,5,1
3659,1237,5,0
3663,1242,5,2
3667,1217,5,0
3671,1228,5,0
3675,1226,5,0
3679,1232,5,1
3683,1232,5,1
3687,1229,5,0
3691,1219,5,0
3695,1237,5,0
3699,1236,5,0
3702,1237,5,0
3707,1217,5,0
3711,1227,4,0
3715,1237,3,1
3720,1233,1,0
3723,1238,0,2
3727,1239,-2,7
3730,1234,-3,0
3735,1239,-4,3
3739,1224,-6,0
3743,1223,-7,0
3746,1232,-7,0
3751,1239,-8,4
3755,1227,-8,0
3759,1238,-8,6
3763,1242,-8,6
3766,1232,-9,0
3770,1221,-10,3
3774,1232,-7,0
3779,1237,-4,0
3783,1234,0,0
3787,1236,3,0
3790,1221,6,0
3794,1236,10,0
3798,1237,14,1
3802,1219,18,2
3806,1235,22,0
3810,1227,25,0
3814,1215,29,2
3818,1210,32,3
3822,1214,34,10
3826,1187,36,2
3830,1176,38,1
3834,1155,39,0
3838,1159,39,3
3842,1141,39,0
3846,1144,39,0
3850,1129,39,0
3854,1132,39,1
3858,1132,40,0
3862,1119,40,0
3866,1118,39,2
3870,1111,37,0
3874,1108,34,0
3879,1114,30,0
3882,1113,27,0
3886,1103,23,0
3890,1104,18,0
3894,1109,13,2
3898,1114,7,6
3902,1106,1,0
3905,1101,-3,0
3910,1112,-10,0
3914,1117,-16,0
3918,1099,-20,0
3922,1111,-25,4
3926,1103,-29,1
3929,1114,-32,0
3934,1109,-35,0
3938,1127,-37,4
3942,1135,-39,0
3946,1144,-40,3
3950,1144,-40,0
3954,1157,-40,0
3958,1167,-40,3
3961,1176,-40,0
3966,1169,-42,0
3969,1197,-41,0
3973,1207,-39,1
3977,1214,-36,0
3982,1218,-33,0
3985,1226,-31,0
3989,1225,-27,0
3993,1233,-24,1
3997,1252,-21,3
4001,1259,-17,0
4005,1264,-14,0
4009,1266,-11,0
4013,1277,-7,0
4017,1275,-4,2
4021,1282,0,0
4025,1288,3,0
4029,1300,7,0
4033,1293,10,2
4037,1298,13,0
4041,1283,17,0
4045,1288,20,0
4049,1287,23,0
4053,1294,27,0
4058,1298,30,0
4061,1292,32,0
4067,1304,36,0
4073,1291,39,2
4077,1296,40,0
4081,1290,42,0
4084,1296,42,3
4089,1296,43,0
4093,1298,44,1
4096,1283,44,2
4100,1278,44,0
4105,1266,44,0
4108,1231,44,1
4113,1236,45,0
4117,1203,46,0
4120,1187,47,0
4125,1173,46,6
4128,1162,45,1
4133,1146,43,0
4136,1136,41,0
4141,1116,38,1
4144,1104,36,0
4148,1095,34,0
4155,1079,27,0
4160,1055,23,0
4165,1044,17,0
4169,1055,13,0
4173,1033,8,2
4176,1035,5,1
4181,1039,-2,3
4184,1050,-5,0
4188,1046,-11,4
4192,1044,-16,0
4196,1035,-21,0
4200,1044,-25,0
4204,1040,-30,0
4208,1038,-34,0
4212,1040,-38,6
4216,1031,-42,1
4220,1044,-45,0
4224,1044,-47,0
4228,1036,-49,0
4232,1044,-51,0
4236,1066,-52,0
4240,1075,-53,0
4244,1088,-53,0
4248,1099,-53,0
4253,1131,-52,4
4256,1144,-51,0
4260,1160,-47,2
4264,1169,-44,0
4268,1191,-39,0
4272,1207,-35,0
4276,1230,-29,0
4280,1240,-23,0
4284,1250,-16,0
4288,1265,-10,10
4292,1267,-3,0
4296,1274,3,0
4299,1292,8,0
4304,1294,15,1
4307,1300,20,0
4312,1314,26,0
4315,1333,30,0
4319,1321,34,0
4323,1325,38,0
4327,1342,41,3
4332,1352,45,0
4335,1351,48,0
4339,1364,50,0
4343,1347,52,6
4347,1356,54,0
4351,1351,55,0
4356,1364,56,0
4359,1355,56,6
4363,1364,57,0
4368,1357,57,0
4371,1360,57,0
4375,1361,57,0
4380,1360,56,0
4384,1349,55,4
4387,1355,54,0
4392,1351,52,4
4395,1362,50,6
4399,1341,48,0
4403,1326,46,0
4407,1309,44,0
4411,1290,42,0
4415,1259,39,6
4419,1246,37,0
4423,1228,34,2
4428,1194,30,0
4431,1183,27,0
4435,1162,24,0
4439,1140,21,0
4443,1118,17,0
4447,1103,13,3
4451,1085,10,0
4456,1043,5,0
4459,1052,1,0
4463,1043,-3,0
4467,1023,-7,0
4471,1020,-12,1
4475,1013,-16,0
4479,1008,-21,0
4483,1008,-25,0
4487,999,-30,0
4491,1004,-34,0
4495,1004,-38,0
4499,1004,-41,0
4502,995,-44,0
4506,999,-47,1
4510,1007,-49,0
4514,1006,-51,0
4519,1008,-53,0
4523,995,-53,0
4527,999,-53,0
4530,1012,-53,0
4534,1006,-53,6
4539,995,-55,4
4542,1007,-55,0
4546,1023,-53,0
4551,1039,-49,0
4555,1048,-45,0
4559,1074,-41,2
4563,1071,-36,0
4566,1108,-33,0
4571,1126,-26,0
4577,1166,-19,0
4582,1183,-12,0
4587,1204,-5,0
4590,1205,-1,0
4594,1232,4,0
4598,1255,9,0
4602,1268,13,0
4606,1282,18,0
4610,1308,22,0
4614,1301,26,0
4618,1340,29,0
4622,1331,32,0
4626,1353,36,0
4630,1374,38,0
4634,1384,41,0
4638,1382,44,0
4642,1397,46,0
4646,1398,48,3
4650,1397,50,0
4655,1392,53,1
4658,1393,54,0
4663,1390,55,0
4666,1402,56,0
4670,1391,56,0
4674,1377,56,0
4679,1402,56,0
4682,1394,57,1
4686,1379,55,6
4690,1402,53,0
4694,1402,49,3
4697,1387,47,0
4702,1377,41,0
4705,1386,37,2
4710,1354,30,2
4714,1343,24,0
4717,1331,19,0
4721,1327,12,0
4725,1319,5,0
4729,1312,-3,1
4733,1302,-11,10
4737,1296,-18,0
4741,1294,-26,2
4745,1282,-35,0
4749,1276,-42,0
4753,1259,-50,1
4757,1249,-57,0
4761,1254,-63,0
4765,1236,-69,0
4770,1232,-74,1
4773,1234,-77,0
4777,1224,-79,0
4781,1214,-81,4
4786,1198,-82,0
4789,1195,-82,0
4794,1175,-82,0
4797,1182,-81,3
4802,1176,-79,0
4805,1175,-77,0
4809,1166,-74,0
4813,1153,-70,0
4817,1168,-66,0
4821,1162,-61,0
4825,1163,-55,0
4829,1144,-50,6
4833,1146,-43,0
4837,1148,-37,0
4841,1148,-30,4
4845,1143,-23,0
4849,1133,-15,0
4853,1146,-8,0
4857,1147,-1,0
4861,1141,7,0
4865,1144,13,0
4868,1141,19,6
4873,1150,26,3
4877,1145,32,2
4881,1150,37,0
4885,1146,41,0
4889,1135,45,0
4893,1143,49,0
4896,1150,51,0
4900,1131,53,0
4905,1152,56,1
4908,1145,57,2
4912,1144,59,0
4917,1131,60,0
4920,1164,61,0
4924,1160,61,0
4928,1165,61,0
4932,1175,61,0
4936,1167,59,0
4940,1163,58,1
4944,1185,55,0
4949,1205,51,0
4952,1200,49,0
4956,1208,45,0
4960,1223,40,1
4964,1215,36,0
4968,1223,31,0
4972,1224,26,2
4976,1231,21,0
4980,1228,16,0
4984,1221,12,0
4989,1230,6,0
4992,1215,3,1
4997,1223,-2,2
5000,1228,-5,4
5004,1220,-8,10
5008,1211,-11,0
5012,1221,-14,0
5016,1222,-16,0
5020,1220,-18,1
5024,1222,-20,0
5028,1223,-21,3
5032,1215,-22,0
5036,1217,-23,3
5040,1215,-24,0
5044,1215,-25,0
5048,1223,-26,1
5052,1222,-26,0
5056,1209,-27,0
5060,1218,-27,2
5064,1230,-28,0
5068,1222,-28,3
5072,1222,-28,3
5076,1227,-28,6
5080,1223,-28,4
5084,1224,-28,3
5088,1214,-28,2
5092,1208,-29,0
5096,1230,-30,0
5100,1211,-29,0
5104,1224,-27,0
5107,1225,-25,1
5112,1226,-23,0
5115,1215,-21,6
5119,1223,-18,0
5123,1209,-15,0
5127,1207,-13,0
5131,1224,-10,0
5136,1221,-6,0
5139,1226,-4,0
5144,1219,-1,0
5147,1220,1,4
5152,1211,4,6
5155,1219,6,0
5159,1215,8,1
5163,1230,10,6
5167,1230,11,0
5171,1221,13,0
5175,1226,14,0
5179,1216,15,0
5183,1209,17,0
5187,1217,17,0
5191,1218,18,0
5196,1230,18,0
5199,1211,18,0
5203,1218,18,0
5208,1226,18,2
5211,1219,18,0
5215,1221,18,0
5219,1226,19,0
5223,1221,19,0
5227,1208,18,0
5231,1228,17,0
5235,1221,15,0
5239,1224,14,2
5243,1223,13,0
5246,1228,11,0
5251,1213,10,0
5254,1219,9,0
5259,1229,7,0
5262,1226,6,3
5267,1224,4,1
5271,1214,3,0
5274,1220,2,0
5279,1209,1,1
5282,1226,0,0
5287,1224,-1,0
5291,1208,-2,0
5294,1216,-2,10
5298,1205,-3,0
5302,1220,-3,2
5306,1231,-4,0
5310,1207,-4,0
5314,1224,-4,6
5318,1218,-5,0
5322,1226,-5,2
5326,1215,-5,0
5330,1209,-5,0
5334,1215,-5,0
5338,1220,-6,0
5342,1221,-6,0
5346,1231,-7,0
5350,1220,-7,0
5354,1222,-7,0
5358,1226,-7,0
5362,1220,-7,0
5366,1211,-7,0
5370,1211,-7,0
5374,1226,-7,0
5378,1222,-7,0
5383,1219,-7,0
5386,1220,-7,0
5391,1221,-7,0
5394,1215,-8,0
5398,1218,-8,1
5402,1215,-8,0
5406,1221,-9,4
5410,1226,-9,6
5414,1215,-9,1
5418,1223,-10,0
5422,1218,-10,0
5426,1209,-9,0
5430,1220,-8,0
5434,1228,-7,0
5438,1226,-7,0
5441,1213,-6,0
5446,1224,-5,0
5450,1228,-5,0
5454,1215,-4,0
5459,1221,-3,0
5462,1221,-3,1
5466,1220,-2,0
5470,1215,-2,0
5474,1226,-1,2
5477,1209,-1,0
5482,1221,-1,0
5486,1215,-1,0
5490,1226,-1,0
5494,1230,-1,0
5498,1230,-1,2
5501,1230,-1,0
5506,1223,-1,0
5509,1226,-1,0
5513,1218,-1,0
5517,1224,-1,0
5522,1218,-1,5
5525,1221,-1,0
5529,1207,-1,0
5533,1226,-1,0
5538,1226,-1,0
5541,1224,-1,0
5545,1222,-1,0
5549,1226,-1,0
5553,1217,-1,0
5557,1212,0,0
5561,1219,0,0
5565,1216,0,0
5569,1230,0,0
5573,1230,0,2
5577,1221,1,0
5581,1215,1,4
5585,1217,1,3
5589,1220,1,0
5593,1224,1,0
5598,1220,1,0
5601,1211,1,2
5605,1222,1,0
5609,1224,1,0
5613,1226,1,0
5617,1230,1,0
5621,1226,1,0
5625,1221,1,0
5629,1226,1,2
5633,1211,1,1
5637,1220,1,2
5640,1224,1,2
5645,1226,1,0
5649,1219,1,0
5653,1228,1,0
5656,1223,1,0
5660,1221,1,0
5664,1216,1,0
5669,1222,1,0
5672,1205,1,0
5676,1227,1,2
5680,1221,1,0
5684,1216,1,0
5688,1223,1,0
5694,1218,1,0
5696,1230,1,2
5701,1205,1,2
5705,1221,1,2
5708,1218,1,0
5713,1230,1,0
5717,1208,1,1
5720,1234,1,7
5725,1222,1,0
5728,1211,1,0
5732,1211,1,0
5736,1211,1,10
5740,1222,1,0
5744,1217,1,2
5748,1221,1,4
5752,1221,1,0
5756,1211,1,0
5760,1224,1,1
5764,1222,1,0
5768,1211,1,0
5772,1220,1,2
5776,1222,1,0
5780,1219,1,0
5785,1221,1,0
5788,1221,1,6
5793,1211,1,0
5796,1218,1,0
5800,1221,1,7
5804,1219,1,0
5808,1226,1,3
5812,1219,1,2
5817,1218,1,0
5819,1220,1,0
5824,1220,1,0
5828,1211,1,2
5831,1226,1,0
5836,1213,1,2
5840,1230,1,0
5844,1223,1,0
5848,1222,1,0
5851,1226,1,0
5856,1217,1,0
5859,1211,1,0
5864,1221,1,0
5867,1228,1,0
5872,1224,1,0
5875,1209,1,0
5880,1222,1,0
5883,1221,1,0
5888,1226,1,0
5891,1203,1,2
5896,1216,1,0
5901,1219,1,0
5903,1222,1,0
5908,1224,1,8
5911,1226,1,7
5915,1223,1,1
5919,1226,1,6
5923,1222,1,0
5927,1216,1,0
5931,1211,1,0
5935,1224,1,6
5942,1221,1,0
5947,1215,1,1
5951,1228,1,0
5956,1222,1,0
5959,1207,1,0
5963,1211,1,0
5967,1216,1,0
5971,1224,1,0
5975,1223,1,0
5979,1230,1,1
5983,1209,1,0
5987,1218,1,0
5991,1207,1,0
5995,1221,1,1
5999,1223,1,2
6003,1218,1,0
6007,1221,1,1
6011,1227,1,2
6015,1219,1,0
6019,1220,1,0
6023,1218,1,0
6026,1221,1,2
6031,1228,1,0
6035,1221,1,0
6038,1218,1,0
6043,1222,1,0
6046,1228,1,2
6051,1221,1,0
6055,1221,1,0
6058,1208,1,0
6062,1222,1,6
6066,1226,1,0
6071,1221,1,0
6074,1218,1,0
6078,1230,1,2
6082,1226,1,6
6086,1211,1,0
6090,1220,1,0
6094,1228,1,1
6098,1221,1,0
6103,1228,1,0
6106,1222,1,0
6110,1223,1,4
6114,1207,1,0
6119,1205,1,0
6122,1221,1,6
6126,1226,1,0
6130,1224,1,0
6135,1217,1,0
6138,1209,1,0
6142,1223,1,2
6146,1223,1,0
6150,1215,1,0
6154,1211,1,0
6158,1218,1,0
6162,1208,1,1
6166,1228,1,2
6170,1226,1,4
6174,1209,1,0
6178,1226,1,0
6182,1230,1,0
6186,1220,1,0
6190,1209,1,0
6194,1224,1,2
6198,1214,1,0
6202,1221,1,1
6206,1211,1,1
6210,1218,1,2
6214,1220,1,0
6218,1224,1,0
6221,1203,1,4
6225,1230,1,4
6229,1226,1,2
6233,1224,1,3
6237,1209,1,0
6241,1220,1,1
6245,1211,1,6
6249,1222,1,0
6254,1223,1,0
6257,1230,1,0
6261,1220,1,6
6266,1216,1,0
6269,1220,1,0
6273,1221,1,0
6277,1213,1,6
6282,1217,1,0
6285,1218,1,0
6290,1223,1,1
6293,1229,1,0
6297,1225,1,0
6301,1221,1,2
6306,1224,1,0
6309,1221,1,0
6314,1216,1,0
6317,1216,1,0
6321,1223,1,2
6326,1217,1,0
6329,1216,1,0
6333,1209,1,2
6337,1211,1,0
6341,1211,1,2
6345,1220,1,0
6349,1221,1,6
6353,1209,1,1
6357,1214,1,0
6361,1219,1,0
6365,1219,1,1
6369,1226,1,0
6373,1230,1,0
6377,1217,1,0
6381,1226,1,0
6385,1223,1,0
6389,1230,1,0
6393,1209,1,1
6397,1226,1,0
6401,1216,1,0
6405,1224,1,0
6409,1211,1,0
6413,1209,1,0
6417,1218,1,0
6421,1219,1,2
6424,1218,1,0
6428,1211,1,0
6432,1209,1,0
6437,1220,1,0
6440,1224,1,0
6445,1224,1,0
6448,1211,1,0
6453,1211,1,4
6456,1224,1,0
6460,1226,1,1
6464,1221,1,0
6468,1220,1,0
6472,1215,1,2
6477,1221,1,0
6480,1221,1,2
6485,1216,1,2
6488,1219,1,0
6492,1222,1,1
6496,1216,1,0
6500,1221,1,0
6504,1205,1,0
